7.0860741137790875
6.33990997005778
4.9592860824684015
7.064896122617656
7.07066643333739
7.043124407724619
7.00467401301408
6.22094026369192
7.021442846785256
7.08660079247791
6.375376661517587
5.262431351797073
7.064063023877845
7.071576357182929
7.0366355890753045
6.621602458741506
6.13839137862109
7.051553137307311
6.934152010646882
6.975304181773808
5.133724612460584
7.065303058661005
7.067136825002384
7.0371917997373945
6.637918413782057
6.236604291678459
7.041393546033943
6.914781770641323
6.972480188043239
6.67185178914926
7.0595087547267
7.069994202448656
7.046788154742178
6.6400193720431275
7.071087866458194
7.038466581556941
6.939062760492105
6.9860546143046935
6.571029293643036
5.012526229124646
7.071978810414787
7.082333218480143
7.087015567139055
7.090808597477746
6.1726414943111685
7.0301099099296405
6.939161528457934
6.983563587553679
6.506998965196164
5.152619580091994
7.065295649689405
7.035489579658661
6.637557400551392
6.190250801462016
7.036740906255583
6.928158623784531
6.985448749805423
6.592973951674098
5.183247047589472
7.066011372063498
7.066372256850091
6.902757725458004
5.98558001806461
7.041910455741068
6.930306560567052
6.984855655406355
6.789284789158293
5.125617690673916
7.066218156319941
7.072392945783509
7.038295136407983
6.298442912493753
6.2003246409778665
7.044232784576861
6.934395125458343
6.980589210679968
6.388908394059362
5.198917232436127
7.063395952611815
7.068142682376845
7.045262465298579
6.146865913375219
7.0380502489897285
6.934938815086159
6.978877094527277
6.664519747186121
5.063319899942902
7.090897846173926
7.065811126157477
7.040145997352635
6.914631947084352
6.318674774939865
7.040507504102884
6.935732531335779
6.986848553142973
6.581828059976694
5.304796016655544
7.064686889431437
7.067407274170659
7.04387979123913
6.406552545442025
7.038669505553866
6.924666324295421
6.980371862141432
6.74248463993292
5.109776028856727
7.062581865518091
7.088106592880591
7.039717983276123
6.493053465431135
6.406022260137968
