1.9798948522790303
2.1111307896526625
1.9069962491075607
2.0399181747232094
1.863760486394547
2.274325796032267
2.1645843217423693
2.0280737652121426
2.2325995425038654
1.9559249212788163
0.6003934891744322	0.403973509934
0.5490443397580811	0.533333333333
0.1840554038918294	0.225563909774
nan	nan
0.3807505722973826	0.334728033473
nan	nan
0.6376528475501738	0.381818181818
0.49390310081136396	0.416666666667
0.4648277677247462	0.470588235294
0.12625938549814283	0.195402298851
0.9999999999999999	1.0
nan	nan
0.35862004540484693	0.393258426966
0.9999999999999999	1.0
nan	nan
nan	nan
0.9999999999999999	1.0
0.9999999999999999	1.0
nan	nan
0.32952491321550503	0.333333333333
0.48813623191103717	0.542857142857
0.8928741044215227	0.653846153846
0.5075379588323392	0.52
0.21583714651217079	0.221198156682
nan	nan
0.23021004859634195	0.243348982786
nan	nan
0.17617857160249126	0.192439862543
0.9999999999999999	1.0
nan	nan
0.9999999999999999	1.0
0.4296661290391982	0.28313253012
0.35845785446005696	0.326633165829
nan	nan
nan	nan
0.42232157818724747	0.428571428571
0.8977404708413573	0.658823529412
0.8173540748602972	0.64
0.8563245248345717	0.604316546763
0.848975511713505	0.733333333333
0.9999999999999999	1.0
0.6269491733165895	0.447368421053
0.5827874620419229	0.536231884058
0.42718383580689834	0.397727272727
nan	nan
0.4422152039546034	0.392156862745
0.6689479541357521	0.430463576159
0.7841909255516838	0.733333333333
0.20242796587290132	0.240601503759
nan	nan
0.4023507087502602	0.355648535565
nan	nan
nan	nan
0.7273527809938708	0.444155844156
0.44950447603432375	0.39375
0.44903539689612004	0.470588235294
0.15409956715165846	0.206896551724
1.0	1.0
nan	nan
0.2980169424870613	0.337078651685
0.987889893197913	0.928571428571
nan	nan
nan	nan
0.9999999999999997	1.0
0.9999999999999992	1.0
nan	nan
0.29590182497948103	0.333333333333
0.9453471682231038	0.857142857143
0.9131174005792418	0.684615384615
0.5433488472765929	0.52
0.1969522541852579	0.221198156682
nan	nan
0.23461698270578016	0.242566510172
nan	nan
0.09882252113442905	0.13058419244
1.0	1.0
nan	nan
0.8118680951946381	0.75
0.46719288886320187	0.307228915663
0.438581491694815	0.361809045226
nan	nan
nan	nan
0.9453471682231039	0.857142857143
0.6655997374780316	0.529411764706
0.8037878526093827	0.6
0.8782856623457562	0.63309352518
0.8539375569176818	0.715555555556
0.9999999999999992	1.0
0.4952781526022822	0.484848484848
0.47293575030265356	0.394736842105
0.48707454000262873	0.434782608696
0.46480591602748	0.386363636364
nan	nan
0.5024067952863086	0.421568627451
0.4844853789443569	nan	57
0.19945089485221226	0.6145255485782213	80
0.4637361714177739	0.23774873638603858	95
0.37644479557751864	0.3771858083474447	95
0.1677037589880024	nan	40
0.516672319024145	0.26245172235204967	8
0.35532011797211277	0.21287557079907585	17
0.23724404632587767	0.39722555025218687	57
0.6653957275918214	nan	56
1.0	0.9999999999999996	87
0.4565790745413278	0.20994451813095483	65
0.7338095461477617	0.9391503972866201	30
0.49158203375912485	0.4306493179731875	11
0.5298403662396792	0.2805593353748705	69
0.552187645029459	0.29457994569040136	27
0.4688162901516634	0.551288629250961	44
0.5534564733856048	nan	40
0.14247722223573137	0.6990608573502893	80
0.4214568217588541	0.47722623636094025	95
0.17474141965705767	0.9999999999999993	40
0.34328569376469686	0.4968794242917553	65
0.9879226582947167	0.24005035785419054	8
0.31550557728649725	0.7143626153492303	17
0.23597800688171283	0.3285449391397349	57
0.6653957275918214	0.9999999999999987	56
1.0	nan	99
0.415831900662894	0.226552201307545	65
0.19724859513518028	0.7019992094403007	65
0.7853255706422586	0.8616890309708707	30
0.2992015269289027	1.0	75
0.5017771797339954	0.19695284316981126	69
0.5408692108131652	0.39125528945668214	27
0.46171016682028526	0.4858526348082058	44
