59.1214787360524
34.2996288463727
71.70286472975081
31.339546217880745
75.0126582278481
24.274584918255506
29.762862454295885
36.80080517791601
75.0126582278481
54.051054261433386
61.85408690817876
41.00798369288262
30.58438053023884
54.7020151879259
54.766481841950124
27.999280128138516
48.02925824012322
18.389758042594842
49.551703612613686
63.01229625443008
26.427932250821666
49.551703612613736
63.985935939874025
73.96834876389993
24.473812569067185
60.63286492486512
74.74232464034431
20.926509674450028
75.01265822784819
47.353725755751896
46.3321528691527
8.230401285968677
44.19963343298966
42.969292836035116
17.296814843621345
57.87503871117833
17.29863478853026
70.11786000580177
23.164564671526623
